[gd_scene load_steps=12 format=3 uid="uid://rftmegtqj63f"]

[ext_resource type="Script" path="res://Player.gd" id="1_324b5"]
[ext_resource type="PackedScene" uid="uid://cf7a5nuj3eqmc" path="res://can.tscn" id="2_sjk57"]

[sub_resource type="ProceduralSkyMaterial" id="ProceduralSkyMaterial_j6h72"]
sky_horizon_color = Color(0.64625, 0.65575, 0.67075, 1)
ground_horizon_color = Color(0.64625, 0.65575, 0.67075, 1)

[sub_resource type="Sky" id="Sky_q2468"]
sky_material = SubResource("ProceduralSkyMaterial_j6h72")

[sub_resource type="Environment" id="Environment_5xexn"]
background_mode = 2
sky = SubResource("Sky_q2468")
tonemap_mode = 2
glow_enabled = true

[sub_resource type="PlaneMesh" id="PlaneMesh_u2mp3"]
size = Vector2(20, 20)

[sub_resource type="ConcavePolygonShape3D" id="ConcavePolygonShape3D_0fmxa"]
data = PackedVector3Array(10, 0, 10, -10, 0, 10, 10, 0, -10, -10, 0, 10, -10, 0, -10, 10, 0, -10)

[sub_resource type="BoxMesh" id="BoxMesh_mi24y"]

[sub_resource type="ConcavePolygonShape3D" id="ConcavePolygonShape3D_u6086"]
data = PackedVector3Array(-0.5, 0.5, 0.5, 0.5, 0.5, 0.5, -0.5, -0.5, 0.5, 0.5, 0.5, 0.5, 0.5, -0.5, 0.5, -0.5, -0.5, 0.5, 0.5, 0.5, -0.5, -0.5, 0.5, -0.5, 0.5, -0.5, -0.5, -0.5, 0.5, -0.5, -0.5, -0.5, -0.5, 0.5, -0.5, -0.5, 0.5, 0.5, 0.5, 0.5, 0.5, -0.5, 0.5, -0.5, 0.5, 0.5, 0.5, -0.5, 0.5, -0.5, -0.5, 0.5, -0.5, 0.5, -0.5, 0.5, -0.5, -0.5, 0.5, 0.5, -0.5, -0.5, -0.5, -0.5, 0.5, 0.5, -0.5, -0.5, 0.5, -0.5, -0.5, -0.5, 0.5, 0.5, 0.5, -0.5, 0.5, 0.5, 0.5, 0.5, -0.5, -0.5, 0.5, 0.5, -0.5, 0.5, -0.5, 0.5, 0.5, -0.5, -0.5, -0.5, 0.5, 0.5, -0.5, 0.5, -0.5, -0.5, -0.5, 0.5, -0.5, 0.5, 0.5, -0.5, -0.5, -0.5, -0.5, -0.5)

[sub_resource type="CapsuleMesh" id="CapsuleMesh_8n12r"]

[sub_resource type="ConvexPolygonShape3D" id="ConvexPolygonShape3D_v1vj0"]
points = PackedVector3Array(-0.125207, -0.532801, -0.480507, 0.0227831, 0.47607, 0.498884, 0.169713, 0.559144, 0.464172, 0.231051, -0.803591, 0.320455, 0.40741, 0.651043, -0.243523, -0.482789, 0.594843, 0.0822132, -0.362868, -0.682312, 0.289697, 0.469044, -0.654529, -0.0662713, -0.127444, 0.842701, -0.338103, -0.393435, -0.683942, -0.244717, 0.438255, 0.623309, 0.200849, 0.0841477, 0.977454, 0.114795, -0.0682023, -0.976458, -0.12927, 0.20055, -0.563129, -0.451454, -0.185527, 0.595453, -0.453475, -0.273363, 0.592268, 0.407754, -0.00693649, -0.476823, 0.49966, 0.375821, -0.588614, 0.316955, 0.111579, 0.563059, -0.481177, -0.41725, 0.527866, -0.270497, -0.484546, -0.596972, -0.0665097, -0.279747, 0.908561, 0.0533361, -0.250197, -0.880712, 0.205319, 0.263647, -0.902771, -0.127394, 0.293368, 0.871526, -0.157196, 0.373412, -0.526319, -0.328246, 0.499663, 0.476641, -0.00688856, 0.0531056, 0.875001, 0.324703, -0.154543, -0.590854, 0.465879, -0.0972799, -0.782358, -0.398188, -0.387649, -0.498171, 0.31565, -0.30068, -0.587995, -0.388901)

[node name="3d_level" type="Node3D"]

[node name="WorldEnvironment" type="WorldEnvironment" parent="."]
environment = SubResource("Environment_5xexn")

[node name="DirectionalLight3D" type="DirectionalLight3D" parent="."]
transform = Transform3D(-0.866025, -0.433013, 0.25, 0, 0.5, 0.866025, -0.5, 0.75, -0.433013, 0, 0, 0)
shadow_enabled = true

[node name="Floor" type="MeshInstance3D" parent="."]
mesh = SubResource("PlaneMesh_u2mp3")

[node name="StaticBody3D" type="StaticBody3D" parent="Floor"]

[node name="CollisionShape3D" type="CollisionShape3D" parent="Floor/StaticBody3D"]
shape = SubResource("ConcavePolygonShape3D_0fmxa")

[node name="box1" type="MeshInstance3D" parent="."]
transform = Transform3D(1, 0, 0, 0, 1, 0, 0, 0, 1, 0, 0.5, 6)
mesh = SubResource("BoxMesh_mi24y")

[node name="StaticBody3D" type="StaticBody3D" parent="box1"]

[node name="CollisionShape3D" type="CollisionShape3D" parent="box1/StaticBody3D"]
shape = SubResource("ConcavePolygonShape3D_u6086")

[node name="box2" type="MeshInstance3D" parent="."]
transform = Transform3D(1, 0, 0, 0, 1, 0, 0, 0, 1, 6.84586, 0.5, -6.40575)
mesh = SubResource("BoxMesh_mi24y")

[node name="StaticBody3D" type="StaticBody3D" parent="box2"]

[node name="CollisionShape3D" type="CollisionShape3D" parent="box2/StaticBody3D"]
shape = SubResource("ConcavePolygonShape3D_u6086")

[node name="box3" type="MeshInstance3D" parent="."]
transform = Transform3D(1, 0, 0, 0, 1, 0, 0, 0, 1, -7.35953, 0.5, -6.40575)
mesh = SubResource("BoxMesh_mi24y")

[node name="StaticBody3D" type="StaticBody3D" parent="box3"]

[node name="CollisionShape3D" type="CollisionShape3D" parent="box3/StaticBody3D"]
shape = SubResource("ConcavePolygonShape3D_u6086")

[node name="Player" type="CharacterBody3D" parent="."]
transform = Transform3D(1, 0, 0, 0, 1, 0, 0, 0, 1, 0, 1.34124, 0)
script = ExtResource("1_324b5")

[node name="MeshInstance3D" type="MeshInstance3D" parent="Player"]
mesh = SubResource("CapsuleMesh_8n12r")

[node name="CollisionShape3D" type="CollisionShape3D" parent="Player"]
shape = SubResource("ConvexPolygonShape3D_v1vj0")

[node name="Neck" type="Node3D" parent="Player"]
transform = Transform3D(1, 0, 0, 0, 1, 0, 0, 0, 1, 0, 0.643216, 0)

[node name="Camera3D" type="Camera3D" parent="Player/Neck"]

[node name="RayCast3D" type="RayCast3D" parent="Player/Neck/Camera3D"]
transform = Transform3D(-0.804624, -0.0115223, 0.593673, 0.314598, 0.839679, 0.442681, -0.503596, 0.54296, -0.672001, 0, 0, 0)
target_position = Vector3(0, -1, 7)

[node name="RayCast3D2" type="RayCast3D" parent="Player/Neck/Camera3D"]
transform = Transform3D(-0.679568, 0.52484, -0.512573, 0.314598, 0.839679, 0.442681, 0.662734, 0.139578, -0.735733, 0, 0, 0)
target_position = Vector3(0, -1, 7)

[node name="RayCast3D3" type="RayCast3D" parent="Player/Neck/Camera3D"]
transform = Transform3D(-0.679568, 0.52484, -0.512573, 0.70048, 0.671823, -0.240794, 0.21798, -0.522683, -0.824189, 0, 0, 0)
target_position = Vector3(0, -1, 7)

[node name="RayCast3D4" type="RayCast3D" parent="Player/Neck/Camera3D"]
transform = Transform3D(-0.37649, 0.634495, 0.675035, 0.70048, 0.671823, -0.240794, -0.606287, 0.382192, -0.697385, 0, 0, 0)
target_position = Vector3(0, -1, 7)

[node name="Can" parent="." instance=ExtResource("2_sjk57")]
transform = Transform3D(1, 0, 0, 0, 1, 0, 0, 0, 1, 6.846, 1.21475, -6.406)
